// Gleichung: 
//(A|c|d|e|f&G|(!C&Z))

A|       c|       d|       e|       f|       G|       C|       Z|
-------------------------------------------------------------------------
|        0        0        0        0        0        0        0        0| ->0
-------------------------------------------------------------------------
|        1        0        0        0        0        0        0        0| ->1
-------------------------------------------------------------------------
|        0        1        0        0        0        0        0        0| ->1
-------------------------------------------------------------------------
|        1        1        0        0        0        0        0        0| ->1
-------------------------------------------------------------------------
|        0        0        1        0        0        0        0        0| ->1
-------------------------------------------------------------------------
|        1        0        1        0        0        0        0        0| ->1
-------------------------------------------------------------------------
|        0        1        1        0        0        0        0        0| ->1
-------------------------------------------------------------------------
|        1        1        1        0        0        0        0        0| ->1
-------------------------------------------------------------------------
|        0        0        0        1        0        0        0        0| ->1
-------------------------------------------------------------------------
|        1        0        0        1        0        0        0        0| ->1
-------------------------------------------------------------------------
|        0        1        0        1        0        0        0        0| ->1
-------------------------------------------------------------------------
|        1        1        0        1        0        0        0        0| ->1
-------------------------------------------------------------------------
|        0        0        1        1        0        0        0        0| ->1
-------------------------------------------------------------------------
|        1        0        1        1        0        0        0        0| ->1
-------------------------------------------------------------------------
|        0        1        1        1        0        0        0        0| ->1
-------------------------------------------------------------------------
|        1        1        1        1        0        0        0        0| ->1
-------------------------------------------------------------------------
|        0        0        0        0        1        0        0        0| ->0
-------------------------------------------------------------------------
|        1        0        0        0        1        0        0        0| ->1
-------------------------------------------------------------------------
|        0        1        0        0        1        0        0        0| ->1
-------------------------------------------------------------------------
|        1        1        0        0        1        0        0        0| ->1
-------------------------------------------------------------------------
|        0        0        1        0        1        0        0        0| ->1
-------------------------------------------------------------------------
|        1        0        1        0        1        0        0        0| ->1
-------------------------------------------------------------------------
|        0        1        1        0        1        0        0        0| ->1
-------------------------------------------------------------------------
|        1        1        1        0        1        0        0        0| ->1
-------------------------------------------------------------------------
|        0        0        0        1        1        0        0        0| ->1
-------------------------------------------------------------------------
|        1        0        0        1        1        0        0        0| ->1
-------------------------------------------------------------------------
|        0        1        0        1        1        0        0        0| ->1
-------------------------------------------------------------------------
|        1        1        0        1        1        0        0        0| ->1
-------------------------------------------------------------------------
|        0        0        1        1        1        0        0        0| ->1
-------------------------------------------------------------------------
|        1        0        1        1        1        0        0        0| ->1
-------------------------------------------------------------------------
|        0        1        1        1        1        0        0        0| ->1
-------------------------------------------------------------------------
|        1        1        1        1        1        0        0        0| ->1
-------------------------------------------------------------------------
|        0        0        0        0        0        1        0        0| ->0
-------------------------------------------------------------------------
|        1        0        0        0        0        1        0        0| ->1
-------------------------------------------------------------------------
|        0        1        0        0        0        1        0        0| ->1
-------------------------------------------------------------------------
|        1        1        0        0        0        1        0        0| ->1
-------------------------------------------------------------------------
|        0        0        1        0        0        1        0        0| ->1
-------------------------------------------------------------------------
|        1        0        1        0        0        1        0        0| ->1
-------------------------------------------------------------------------
|        0        1        1        0        0        1        0        0| ->1
-------------------------------------------------------------------------
|        1        1        1        0        0        1        0        0| ->1
-------------------------------------------------------------------------
|        0        0        0        1        0        1        0        0| ->1
-------------------------------------------------------------------------
|        1        0        0        1        0        1        0        0| ->1
-------------------------------------------------------------------------
|        0        1        0        1        0        1        0        0| ->1
-------------------------------------------------------------------------
|        1        1        0        1        0        1        0        0| ->1
-------------------------------------------------------------------------
|        0        0        1        1        0        1        0        0| ->1
-------------------------------------------------------------------------
|        1        0        1        1        0        1        0        0| ->1
-------------------------------------------------------------------------
|        0        1        1        1        0        1        0        0| ->1
-------------------------------------------------------------------------
|        1        1        1        1        0        1        0        0| ->1
-------------------------------------------------------------------------
|        0        0        0        0        1        1        0        0| ->1
-------------------------------------------------------------------------
|        1        0        0        0        1        1        0        0| ->1
-------------------------------------------------------------------------
|        0        1        0        0        1        1        0        0| ->1
-------------------------------------------------------------------------
|        1        1        0        0        1        1        0        0| ->1
-------------------------------------------------------------------------
|        0        0        1        0        1        1        0        0| ->1
-------------------------------------------------------------------------
|        1        0        1        0        1        1        0        0| ->1
-------------------------------------------------------------------------
|        0        1        1        0        1        1        0        0| ->1
-------------------------------------------------------------------------
|        1        1        1        0        1        1        0        0| ->1
-------------------------------------------------------------------------
|        0        0        0        1        1        1        0        0| ->1
-------------------------------------------------------------------------
|        1        0        0        1        1        1        0        0| ->1
-------------------------------------------------------------------------
|        0        1        0        1        1        1        0        0| ->1
-------------------------------------------------------------------------
|        1        1        0        1        1        1        0        0| ->1
-------------------------------------------------------------------------
|        0        0        1        1        1        1        0        0| ->1
-------------------------------------------------------------------------
|        1        0        1        1        1        1        0        0| ->1
-------------------------------------------------------------------------
|        0        1        1        1        1        1        0        0| ->1
-------------------------------------------------------------------------
|        1        1        1        1        1        1        0        0| ->1
-------------------------------------------------------------------------
|        0        0        0        0        0        0        1        0| ->0
-------------------------------------------------------------------------
|        1        0        0        0        0        0        1        0| ->1
-------------------------------------------------------------------------
|        0        1        0        0        0        0        1        0| ->1
-------------------------------------------------------------------------
|        1        1        0        0        0        0        1        0| ->1
-------------------------------------------------------------------------
|        0        0        1        0        0        0        1        0| ->1
-------------------------------------------------------------------------
|        1        0        1        0        0        0        1        0| ->1
-------------------------------------------------------------------------
|        0        1        1        0        0        0        1        0| ->1
-------------------------------------------------------------------------
|        1        1        1        0        0        0        1        0| ->1
-------------------------------------------------------------------------
|        0        0        0        1        0        0        1        0| ->1
-------------------------------------------------------------------------
|        1        0        0        1        0        0        1        0| ->1
-------------------------------------------------------------------------
|        0        1        0        1        0        0        1        0| ->1
-------------------------------------------------------------------------
|        1        1        0        1        0        0        1        0| ->1
-------------------------------------------------------------------------
|        0        0        1        1        0        0        1        0| ->1
-------------------------------------------------------------------------
|        1        0        1        1        0        0        1        0| ->1
-------------------------------------------------------------------------
|        0        1        1        1        0        0        1        0| ->1
-------------------------------------------------------------------------
|        1        1        1        1        0        0        1        0| ->1
-------------------------------------------------------------------------
|        0        0        0        0        1        0        1        0| ->0
-------------------------------------------------------------------------
|        1        0        0        0        1        0        1        0| ->1
-------------------------------------------------------------------------
|        0        1        0        0        1        0        1        0| ->1
-------------------------------------------------------------------------
|        1        1        0        0        1        0        1        0| ->1
-------------------------------------------------------------------------
|        0        0        1        0        1        0        1        0| ->1
-------------------------------------------------------------------------
|        1        0        1        0        1        0        1        0| ->1
-------------------------------------------------------------------------
|        0        1        1        0        1        0        1        0| ->1
-------------------------------------------------------------------------
|        1        1        1        0        1        0        1        0| ->1
-------------------------------------------------------------------------
|        0        0        0        1        1        0        1        0| ->1
-------------------------------------------------------------------------
|        1        0        0        1        1        0        1        0| ->1
-------------------------------------------------------------------------
|        0        1        0        1        1        0        1        0| ->1
-------------------------------------------------------------------------
|        1        1        0        1        1        0        1        0| ->1
-------------------------------------------------------------------------
|        0        0        1        1        1        0        1        0| ->1
-------------------------------------------------------------------------
|        1        0        1        1        1        0        1        0| ->1
-------------------------------------------------------------------------
|        0        1        1        1        1        0        1        0| ->1
-------------------------------------------------------------------------
|        1        1        1        1        1        0        1        0| ->1
-------------------------------------------------------------------------
|        0        0        0        0        0        1        1        0| ->0
-------------------------------------------------------------------------
|        1        0        0        0        0        1        1        0| ->1
-------------------------------------------------------------------------
|        0        1        0        0        0        1        1        0| ->1
-------------------------------------------------------------------------
|        1        1        0        0        0        1        1        0| ->1
-------------------------------------------------------------------------
|        0        0        1        0        0        1        1        0| ->1
-------------------------------------------------------------------------
|        1        0        1        0        0        1        1        0| ->1
-------------------------------------------------------------------------
|        0        1        1        0        0        1        1        0| ->1
-------------------------------------------------------------------------
|        1        1        1        0        0        1        1        0| ->1
-------------------------------------------------------------------------
|        0        0        0        1        0        1        1        0| ->1
-------------------------------------------------------------------------
|        1        0        0        1        0        1        1        0| ->1
-------------------------------------------------------------------------
|        0        1        0        1        0        1        1        0| ->1
-------------------------------------------------------------------------
|        1        1        0        1        0        1        1        0| ->1
-------------------------------------------------------------------------
|        0        0        1        1        0        1        1        0| ->1
-------------------------------------------------------------------------
|        1        0        1        1        0        1        1        0| ->1
-------------------------------------------------------------------------
|        0        1        1        1        0        1        1        0| ->1
-------------------------------------------------------------------------
|        1        1        1        1        0        1        1        0| ->1
-------------------------------------------------------------------------
|        0        0        0        0        1        1        1        0| ->1
-------------------------------------------------------------------------
|        1        0        0        0        1        1        1        0| ->1
-------------------------------------------------------------------------
|        0        1        0        0        1        1        1        0| ->1
-------------------------------------------------------------------------
|        1        1        0        0        1        1        1        0| ->1
-------------------------------------------------------------------------
|        0        0        1        0        1        1        1        0| ->1
-------------------------------------------------------------------------
|        1        0        1        0        1        1        1        0| ->1
-------------------------------------------------------------------------
|        0        1        1        0        1        1        1        0| ->1
-------------------------------------------------------------------------
|        1        1        1        0        1        1        1        0| ->1
-------------------------------------------------------------------------
|        0        0        0        1        1        1        1        0| ->1
-------------------------------------------------------------------------
|        1        0        0        1        1        1        1        0| ->1
-------------------------------------------------------------------------
|        0        1        0        1        1        1        1        0| ->1
-------------------------------------------------------------------------
|        1        1        0        1        1        1        1        0| ->1
-------------------------------------------------------------------------
|        0        0        1        1        1        1        1        0| ->1
-------------------------------------------------------------------------
|        1        0        1        1        1        1        1        0| ->1
-------------------------------------------------------------------------
|        0        1        1        1        1        1        1        0| ->1
-------------------------------------------------------------------------
|        1        1        1        1        1        1        1        0| ->1
-------------------------------------------------------------------------
|        0        0        0        0        0        0        0        1| ->1
-------------------------------------------------------------------------
|        1        0        0        0        0        0        0        1| ->1
-------------------------------------------------------------------------
|        0        1        0        0        0        0        0        1| ->1
-------------------------------------------------------------------------
|        1        1        0        0        0        0        0        1| ->1
-------------------------------------------------------------------------
|        0        0        1        0        0        0        0        1| ->1
-------------------------------------------------------------------------
|        1        0        1        0        0        0        0        1| ->1
-------------------------------------------------------------------------
|        0        1        1        0        0        0        0        1| ->1
-------------------------------------------------------------------------
|        1        1        1        0        0        0        0        1| ->1
-------------------------------------------------------------------------
|        0        0        0        1        0        0        0        1| ->1
-------------------------------------------------------------------------
|        1        0        0        1        0        0        0        1| ->1
-------------------------------------------------------------------------
|        0        1        0        1        0        0        0        1| ->1
-------------------------------------------------------------------------
|        1        1        0        1        0        0        0        1| ->1
-------------------------------------------------------------------------
|        0        0        1        1        0        0        0        1| ->1
-------------------------------------------------------------------------
|        1        0        1        1        0        0        0        1| ->1
-------------------------------------------------------------------------
|        0        1        1        1        0        0        0        1| ->1
-------------------------------------------------------------------------
|        1        1        1        1        0        0        0        1| ->1
-------------------------------------------------------------------------
|        0        0        0        0        1        0        0        1| ->1
-------------------------------------------------------------------------
|        1        0        0        0        1        0        0        1| ->1
-------------------------------------------------------------------------
|        0        1        0        0        1        0        0        1| ->1
-------------------------------------------------------------------------
|        1        1        0        0        1        0        0        1| ->1
-------------------------------------------------------------------------
|        0        0        1        0        1        0        0        1| ->1
-------------------------------------------------------------------------
|        1        0        1        0        1        0        0        1| ->1
-------------------------------------------------------------------------
|        0        1        1        0        1        0        0        1| ->1
-------------------------------------------------------------------------
|        1        1        1        0        1        0        0        1| ->1
-------------------------------------------------------------------------
|        0        0        0        1        1        0        0        1| ->1
-------------------------------------------------------------------------
|        1        0        0        1        1        0        0        1| ->1
-------------------------------------------------------------------------
|        0        1        0        1        1        0        0        1| ->1
-------------------------------------------------------------------------
|        1        1        0        1        1        0        0        1| ->1
-------------------------------------------------------------------------
|        0        0        1        1        1        0        0        1| ->1
-------------------------------------------------------------------------
|        1        0        1        1        1        0        0        1| ->1
-------------------------------------------------------------------------
|        0        1        1        1        1        0        0        1| ->1
-------------------------------------------------------------------------
|        1        1        1        1        1        0        0        1| ->1
-------------------------------------------------------------------------
|        0        0        0        0        0        1        0        1| ->1
-------------------------------------------------------------------------
|        1        0        0        0        0        1        0        1| ->1
-------------------------------------------------------------------------
|        0        1        0        0        0        1        0        1| ->1
-------------------------------------------------------------------------
|        1        1        0        0        0        1        0        1| ->1
-------------------------------------------------------------------------
|        0        0        1        0        0        1        0        1| ->1
-------------------------------------------------------------------------
|        1        0        1        0        0        1        0        1| ->1
-------------------------------------------------------------------------
|        0        1        1        0        0        1        0        1| ->1
-------------------------------------------------------------------------
|        1        1        1        0        0        1        0        1| ->1
-------------------------------------------------------------------------
|        0        0        0        1        0        1        0        1| ->1
-------------------------------------------------------------------------
|        1        0        0        1        0        1        0        1| ->1
-------------------------------------------------------------------------
|        0        1        0        1        0        1        0        1| ->1
-------------------------------------------------------------------------
|        1        1        0        1        0        1        0        1| ->1
-------------------------------------------------------------------------
|        0        0        1        1        0        1        0        1| ->1
-------------------------------------------------------------------------
|        1        0        1        1        0        1        0        1| ->1
-------------------------------------------------------------------------
|        0        1        1        1        0        1        0        1| ->1
-------------------------------------------------------------------------
|        1        1        1        1        0        1        0        1| ->1
-------------------------------------------------------------------------
|        0        0        0        0        1        1        0        1| ->1
-------------------------------------------------------------------------
|        1        0        0        0        1        1        0        1| ->1
-------------------------------------------------------------------------
|        0        1        0        0        1        1        0        1| ->1
-------------------------------------------------------------------------
|        1        1        0        0        1        1        0        1| ->1
-------------------------------------------------------------------------
|        0        0        1        0        1        1        0        1| ->1
-------------------------------------------------------------------------
|        1        0        1        0        1        1        0        1| ->1
-------------------------------------------------------------------------
|        0        1        1        0        1        1        0        1| ->1
-------------------------------------------------------------------------
|        1        1        1        0        1        1        0        1| ->1
-------------------------------------------------------------------------
|        0        0        0        1        1        1        0        1| ->1
-------------------------------------------------------------------------
|        1        0        0        1        1        1        0        1| ->1
-------------------------------------------------------------------------
|        0        1        0        1        1        1        0        1| ->1
-------------------------------------------------------------------------
|        1        1        0        1        1        1        0        1| ->1
-------------------------------------------------------------------------
|        0        0        1        1        1        1        0        1| ->1
-------------------------------------------------------------------------
|        1        0        1        1        1        1        0        1| ->1
-------------------------------------------------------------------------
|        0        1        1        1        1        1        0        1| ->1
-------------------------------------------------------------------------
|        1        1        1        1        1        1        0        1| ->1
-------------------------------------------------------------------------
|        0        0        0        0        0        0        1        1| ->0
-------------------------------------------------------------------------
|        1        0        0        0        0        0        1        1| ->1
-------------------------------------------------------------------------
|        0        1        0        0        0        0        1        1| ->1
-------------------------------------------------------------------------
|        1        1        0        0        0        0        1        1| ->1
-------------------------------------------------------------------------
|        0        0        1        0        0        0        1        1| ->1
-------------------------------------------------------------------------
|        1        0        1        0        0        0        1        1| ->1
-------------------------------------------------------------------------
|        0        1        1        0        0        0        1        1| ->1
-------------------------------------------------------------------------
|        1        1        1        0        0        0        1        1| ->1
-------------------------------------------------------------------------
|        0        0        0        1        0        0        1        1| ->1
-------------------------------------------------------------------------
|        1        0        0        1        0        0        1        1| ->1
-------------------------------------------------------------------------
|        0        1        0        1        0        0        1        1| ->1
-------------------------------------------------------------------------
|        1        1        0        1        0        0        1        1| ->1
-------------------------------------------------------------------------
|        0        0        1        1        0        0        1        1| ->1
-------------------------------------------------------------------------
|        1        0        1        1        0        0        1        1| ->1
-------------------------------------------------------------------------
|        0        1        1        1        0        0        1        1| ->1
-------------------------------------------------------------------------
|        1        1        1        1        0        0        1        1| ->1
-------------------------------------------------------------------------
|        0        0        0        0        1        0        1        1| ->0
-------------------------------------------------------------------------
|        1        0        0        0        1        0        1        1| ->1
-------------------------------------------------------------------------
|        0        1        0        0        1        0        1        1| ->1
-------------------------------------------------------------------------
|        1        1        0        0        1        0        1        1| ->1
-------------------------------------------------------------------------
|        0        0        1        0        1        0        1        1| ->1
-------------------------------------------------------------------------
|        1        0        1        0        1        0        1        1| ->1
-------------------------------------------------------------------------
|        0        1        1        0        1        0        1        1| ->1
-------------------------------------------------------------------------
|        1        1        1        0        1        0        1        1| ->1
-------------------------------------------------------------------------
|        0        0        0        1        1        0        1        1| ->1
-------------------------------------------------------------------------
|        1        0        0        1        1        0        1        1| ->1
-------------------------------------------------------------------------
|        0        1        0        1        1        0        1        1| ->1
-------------------------------------------------------------------------
|        1        1        0        1        1        0        1        1| ->1
-------------------------------------------------------------------------
|        0        0        1        1        1        0        1        1| ->1
-------------------------------------------------------------------------
|        1        0        1        1        1        0        1        1| ->1
-------------------------------------------------------------------------
|        0        1        1        1        1        0        1        1| ->1
-------------------------------------------------------------------------
|        1        1        1        1        1        0        1        1| ->1
-------------------------------------------------------------------------
|        0        0        0        0        0        1        1        1| ->0
-------------------------------------------------------------------------
|        1        0        0        0        0        1        1        1| ->1
-------------------------------------------------------------------------
|        0        1        0        0        0        1        1        1| ->1
-------------------------------------------------------------------------
|        1        1        0        0        0        1        1        1| ->1
-------------------------------------------------------------------------
|        0        0        1        0        0        1        1        1| ->1
-------------------------------------------------------------------------
|        1        0        1        0        0        1        1        1| ->1
-------------------------------------------------------------------------
|        0        1        1        0        0        1        1        1| ->1
-------------------------------------------------------------------------
|        1        1        1        0        0        1        1        1| ->1
-------------------------------------------------------------------------
|        0        0        0        1        0        1        1        1| ->1
-------------------------------------------------------------------------
|        1        0        0        1        0        1        1        1| ->1
-------------------------------------------------------------------------
|        0        1        0        1        0        1        1        1| ->1
-------------------------------------------------------------------------
|        1        1        0        1        0        1        1        1| ->1
-------------------------------------------------------------------------
|        0        0        1        1        0        1        1        1| ->1
-------------------------------------------------------------------------
|        1        0        1        1        0        1        1        1| ->1
-------------------------------------------------------------------------
|        0        1        1        1        0        1        1        1| ->1
-------------------------------------------------------------------------
|        1        1        1        1        0        1        1        1| ->1
-------------------------------------------------------------------------
|        0        0        0        0        1        1        1        1| ->1
-------------------------------------------------------------------------
|        1        0        0        0        1        1        1        1| ->1
-------------------------------------------------------------------------
|        0        1        0        0        1        1        1        1| ->1
-------------------------------------------------------------------------
|        1        1        0        0        1        1        1        1| ->1
-------------------------------------------------------------------------
|        0        0        1        0        1        1        1        1| ->1
-------------------------------------------------------------------------
|        1        0        1        0        1        1        1        1| ->1
-------------------------------------------------------------------------
|        0        1        1        0        1        1        1        1| ->1
-------------------------------------------------------------------------
|        1        1        1        0        1        1        1        1| ->1
-------------------------------------------------------------------------
|        0        0        0        1        1        1        1        1| ->1
-------------------------------------------------------------------------
|        1        0        0        1        1        1        1        1| ->1
-------------------------------------------------------------------------
|        0        1        0        1        1        1        1        1| ->1
-------------------------------------------------------------------------
|        1        1        0        1        1        1        1        1| ->1
-------------------------------------------------------------------------
|        0        0        1        1        1        1        1        1| ->1
-------------------------------------------------------------------------
|        1        0        1        1        1        1        1        1| ->1
-------------------------------------------------------------------------
|        0        1        1        1        1        1        1        1| ->1
-------------------------------------------------------------------------
|        1        1        1        1        1        1        1        1| ->1
- ------------------------------------------------------------------------
